
1.1
2.2
2.3
2.4
2.7
2.11
2.12
2.13
2.14
2.22
2.23
2.27
2.41
2.44
2.45
2.46
2.47
2.59
2.62
2.63
2.64
2.69
3.9
3.14
3.21
3.27
3.37
4.1
4.2
4.3
4.6
4.7
4.8
4.9
4.11
4.13
4.34
5.18
5.22
5.29
6.17
6.41
6.47
7.3
7.4
7.5
7.7
7.14
7.15
7.16
7.19
7.25
7.26
7.27
7.28
8.5
8.6
8.7
8.14
8.15
8.16
8.28
9.1
9.2
9.3
9.4
9.11
9.12
9.13
9.14
9.22
9.25
9.26
9.27
9.29
9.32
9.34
10.1
10.8
10.9
10.11
10.12
10.13
10.41
11.54
11.55
12.1
12.5
12.8
12.9
14.4
14.26
14.27
15.5
15.6
15.7
15.15
15.19
18.42
18.54
18.55
18.58
18.61
18.65
18.66
18.68
18.69
18.78
